55093
4440
127707
3480
55297
57178
4609
11200
1072
2033
79624
100271849
253461
6194
284252
57591
5017
91056
51023
23383
2130
23770
79890
378938
5241
23467
7311
79068
84153
51477
977
9170
8398
92140
7015
643911
23466
25829
151903
10446
54848
2658
3625
23218
114907
2099
23764
596
4194
83657
81037
2263
8178
6175
675
5287
9156
7495
219654
347862
25777
1788
54790
124359
27324
220
10478
5083
79036
91433
84919
5111
114
5744
1956
4072
2064
889
89874
64787
6736
55729
4214
57130
9518
7477
79191
885
9314
6926
5195
2475
54815
7422
3880
80129
9244